              precision    recall  f1-score   support

          nv     0.9592    0.7485    0.8409      1006
         mel     0.3903    0.6287    0.4817       167
         bkl     0.5369    0.6606    0.5924       165
         bcc     0.5130    0.7662    0.6146        77
       akiec     0.4730    0.7143    0.5691        49
        vasc     0.6250    0.9091    0.7407        22
          df     0.4400    0.6471    0.5238        17

    accuracy                         0.7265      1503
   macro avg     0.5625    0.7249    0.6233      1503
weighted avg     0.8002    0.7265    0.7482      1503
